<?xml version="1.0" encoding="UTF-8" standalone="no"?>
<!DOCTYPE svg PUBLIC "-//W3C//DTD SVG 20010904//EN"
              "http://www.w3.org/TR/2001/REC-SVG-20010904/DTD/svg10.dtd">

<svg xmlns="http://www.w3.org/2000/svg"
     width="26.6667in" height="15in"
     viewBox="0 0 1920 1080">
  <path id="Pfad #1"
        fill="none" stroke="black" stroke-width="1"
        d="M 1104.86,757.72
           C 1104.86,760.41 1104.30,762.72 1103.17,764.66
             1102.05,766.59 1100.52,768.16 1098.56,769.39
             1096.60,770.62 1094.32,771.53 1091.72,772.12
             1089.11,772.71 1086.35,773.00 1083.44,773.00
             1083.44,773.00 1054.12,773.00 1054.12,773.00
             1054.12,773.00 1054.12,713.36 1054.12,713.36
             1054.12,713.36 1088.73,713.36 1088.73,713.36
             1090.80,713.36 1092.68,713.81 1094.36,714.70
             1096.04,715.60 1097.46,716.76 1098.64,718.19
             1099.82,719.62 1100.73,721.24 1101.38,723.06
             1102.02,724.89 1102.34,726.75 1102.34,728.64
             1102.34,731.45 1101.63,734.12 1100.20,736.67
             1098.77,739.21 1096.63,741.13 1093.77,742.42
             1097.18,743.43 1099.88,745.18 1101.88,747.67
             1103.86,750.16 1104.86,753.51 1104.86,757.72 Z
           M 1088.23,754.36
           C 1088.23,752.90 1087.84,751.68 1087.05,750.70
             1086.27,749.73 1085.26,749.23 1084.03,749.23
             1084.03,749.23 1070.50,749.23 1070.50,749.23
             1070.50,749.23 1070.50,759.22 1070.50,759.22
             1070.50,759.22 1083.44,759.22 1083.44,759.22
             1084.78,759.22 1085.91,758.80 1086.84,757.97
             1087.77,757.12 1088.23,755.92 1088.23,754.36 Z
           M 1070.50,727.30
           C 1070.50,727.30 1070.50,736.45 1070.50,736.45
             1070.50,736.45 1081.67,736.45 1081.67,736.45
             1082.80,736.45 1083.82,736.15 1084.73,735.53
             1085.66,734.92 1086.12,733.69 1086.12,731.84
             1086.12,730.22 1085.73,729.06 1084.95,728.36
             1084.17,727.65 1083.25,727.30 1082.19,727.30
             1082.19,727.30 1070.50,727.30 1070.50,727.30 Z
           M 1126.58,713.36
           C 1126.58,713.36 1141.53,713.36 1141.53,713.36
             1141.53,713.36 1162.20,773.00 1162.20,773.00
             1162.20,773.00 1145.56,773.00 1145.56,773.00
             1145.56,773.00 1141.95,761.33 1141.95,761.33
             1141.95,761.33 1126.08,761.33 1126.08,761.33
             1126.08,761.33 1122.55,773.00 1122.55,773.00
             1122.55,773.00 1105.83,773.00 1105.83,773.00
             1105.83,773.00 1126.58,713.36 1126.58,713.36 Z
           M 1139.34,750.41
           C 1139.34,750.41 1134.06,731.92 1134.06,731.92
             1134.06,731.92 1128.52,750.41 1128.52,750.41
             1128.52,750.41 1139.34,750.41 1139.34,750.41 Z
           M 1191.16,758.97
           C 1193.06,758.97 1194.69,758.55 1196.03,757.72
             1197.38,756.88 1198.47,755.77 1199.31,754.41
             1200.16,753.03 1200.77,751.45 1201.16,749.66
             1201.55,747.86 1201.75,745.98 1201.75,744.02
             1201.75,744.02 1201.75,713.36 1201.75,713.36
             1201.75,713.36 1218.12,713.36 1218.12,713.36
             1218.12,713.36 1218.12,744.02 1218.12,744.02
             1218.12,748.16 1217.59,752.04 1216.53,755.66
             1215.47,759.27 1213.82,762.40 1211.58,765.03
             1209.34,767.66 1206.52,769.73 1203.12,771.23
             1199.74,772.75 1195.75,773.50 1191.16,773.50
             1186.41,773.50 1182.33,772.70 1178.94,771.11
             1175.55,769.52 1172.77,767.38 1170.58,764.69
             1168.40,762.00 1166.80,758.88 1165.80,755.33
             1164.79,751.77 1164.28,748.00 1164.28,744.02
             1164.28,744.02 1164.28,713.36 1164.28,713.36
             1164.28,713.36 1180.66,713.36 1180.66,713.36
             1180.66,713.36 1180.66,744.02 1180.66,744.02
             1180.66,745.98 1180.85,747.87 1181.25,749.69
             1181.64,751.51 1182.26,753.11 1183.09,754.48
             1183.94,755.85 1185.02,756.94 1186.33,757.75
             1187.65,758.56 1189.26,758.97 1191.16,758.97 Z
           M 1267.61,768.05
           C 1263.36,771.63 1258.46,773.42 1252.91,773.42
             1249.04,773.42 1245.34,772.73 1241.81,771.36
             1238.29,769.98 1235.21,767.98 1232.58,765.36
             1229.95,762.73 1227.85,759.51 1226.28,755.70
             1224.72,751.89 1223.94,747.55 1223.94,742.67
             1223.94,738.48 1224.72,734.57 1226.28,730.97
             1227.85,727.36 1230.01,724.22 1232.75,721.56
             1235.50,718.90 1238.73,716.79 1242.45,715.25
             1246.18,713.71 1250.20,712.94 1254.52,712.94
             1257.20,712.94 1259.77,713.23 1262.23,713.83
             1264.70,714.41 1266.98,715.28 1269.08,716.42
             1271.18,717.57 1273.07,718.95 1274.75,720.55
             1276.43,722.14 1277.80,723.95 1278.88,725.95
             1278.88,725.95 1266.69,735.28 1266.69,735.28
             1265.51,732.93 1263.74,731.04 1261.39,729.61
             1259.05,728.18 1256.55,727.47 1253.92,727.47
             1251.96,727.47 1250.17,727.87 1248.55,728.66
             1246.92,729.44 1245.52,730.53 1244.34,731.94
             1243.16,733.34 1242.24,735.00 1241.56,736.92
             1240.89,738.85 1240.56,740.96 1240.56,743.27
             1240.56,745.62 1240.89,747.75 1241.56,749.66
             1242.24,751.55 1243.18,753.19 1244.38,754.56
             1245.58,755.94 1247.02,757.01 1248.70,757.77
             1250.39,758.52 1252.27,758.89 1254.34,758.89
             1259.10,758.89 1263.30,756.93 1266.94,753.02
             1266.94,753.02 1256.61,753.02 1256.61,753.02
             1256.61,753.02 1256.61,741.25 1256.61,741.25
             1256.61,741.25 1281.14,741.25 1281.14,741.25
             1281.14,741.25 1281.14,773.00 1281.14,773.00
             1281.14,773.00 1267.61,773.00 1267.61,773.00
             1267.61,773.00 1267.61,768.05 1267.61,768.05 Z
           M 1331.62,758.72
           C 1331.62,758.72 1331.62,773.00 1331.62,773.00
             1331.62,773.00 1289.12,773.00 1289.12,773.00
             1289.12,773.00 1289.12,713.36 1289.12,713.36
             1289.12,713.36 1330.88,713.36 1330.88,713.36
             1330.88,713.36 1330.88,727.64 1330.88,727.64
             1330.88,727.64 1305.50,727.64 1305.50,727.64
             1305.50,727.64 1305.50,736.05 1305.50,736.05
             1305.50,736.05 1327.17,736.05 1327.17,736.05
             1327.17,736.05 1327.17,749.31 1327.17,749.31
             1327.17,749.31 1305.50,749.31 1305.50,749.31
             1305.50,749.31 1305.50,758.72 1305.50,758.72
             1305.50,758.72 1331.62,758.72 1331.62,758.72 Z
           M 1375.25,732.84
           C 1373.56,731.84 1371.82,730.95 1370.03,730.16
             1368.52,729.49 1366.83,728.87 1364.95,728.28
             1363.08,727.69 1361.24,727.39 1359.45,727.39
             1357.99,727.39 1356.83,727.62 1355.95,728.06
             1355.09,728.51 1354.66,729.27 1354.66,730.33
             1354.66,731.11 1354.91,731.76 1355.41,732.27
             1355.91,732.77 1356.64,733.23 1357.59,733.66
             1358.55,734.07 1359.71,734.48 1361.08,734.88
             1362.45,735.26 1364.01,735.73 1365.75,736.30
             1368.50,737.13 1370.98,738.05 1373.19,739.06
             1375.39,740.07 1377.28,741.27 1378.84,742.64
             1380.41,744.01 1381.62,745.67 1382.47,747.64
             1383.31,749.60 1383.73,751.98 1383.73,754.77
             1383.73,758.35 1383.07,761.36 1381.75,763.80
             1380.44,766.23 1378.70,768.18 1376.55,769.64
             1374.39,771.10 1371.95,772.15 1369.23,772.80
             1366.52,773.43 1363.79,773.75 1361.05,773.75
             1358.86,773.75 1356.62,773.58 1354.33,773.25
             1352.04,772.92 1349.75,772.45 1347.48,771.83
             1345.21,771.21 1343.02,770.48 1340.92,769.64
             1338.83,768.80 1336.88,767.84 1335.09,766.78
             1335.09,766.78 1342.14,752.42 1342.14,752.42
             1344.11,753.65 1346.16,754.75 1348.28,755.70
             1350.07,756.54 1352.10,757.29 1354.36,757.97
             1356.63,758.64 1358.94,758.97 1361.30,758.97
             1363.09,758.97 1364.33,758.73 1365.03,758.27
             1365.74,757.79 1366.09,757.16 1366.09,756.38
             1366.09,755.53 1365.74,754.82 1365.03,754.23
             1364.33,753.64 1363.37,753.12 1362.14,752.67
             1360.91,752.23 1359.49,751.78 1357.89,751.33
             1356.30,750.88 1354.60,750.35 1352.81,749.73
             1350.19,748.84 1347.92,747.88 1346.02,746.84
             1344.11,745.80 1342.54,744.62 1341.30,743.31
             1340.07,741.99 1339.16,740.49 1338.58,738.81
             1337.99,737.14 1337.70,735.20 1337.70,733.02
             1337.70,729.71 1338.30,726.80 1339.50,724.28
             1340.71,721.76 1342.35,719.66 1344.42,717.98
             1346.49,716.30 1348.86,715.02 1351.52,714.16
             1354.17,713.29 1356.98,712.86 1359.95,712.86
             1362.14,712.86 1364.27,713.07 1366.34,713.48
             1368.41,713.90 1370.41,714.43 1372.34,715.08
             1374.28,715.73 1376.09,716.43 1377.77,717.19
             1379.44,717.94 1380.95,718.65 1382.30,719.33
             1382.30,719.33 1375.25,732.84 1375.25,732.84 Z
           M 1387.84,742.67
           C 1387.84,739.04 1388.53,735.45 1389.91,731.92
             1391.28,728.39 1393.28,725.23 1395.91,722.44
             1398.54,719.64 1401.73,717.37 1405.48,715.64
             1409.23,713.90 1413.52,713.03 1418.34,713.03
             1424.10,713.03 1429.10,714.22 1433.33,716.59
             1437.55,718.97 1440.71,722.12 1442.78,726.05
             1442.78,726.05 1430.27,734.95 1430.27,734.95
             1429.70,733.50 1428.96,732.29 1428.03,731.34
             1427.11,730.39 1426.09,729.63 1424.97,729.08
             1423.85,728.52 1422.69,728.12 1421.48,727.91
             1420.29,727.68 1419.12,727.56 1418.00,727.56
             1415.64,727.56 1413.61,728.03 1411.91,728.95
             1410.21,729.87 1408.81,731.07 1407.72,732.56
             1406.62,734.04 1405.81,735.72 1405.28,737.59
             1404.75,739.47 1404.48,741.34 1404.48,743.19
             1404.48,745.25 1404.79,747.23 1405.41,749.14
             1406.02,751.05 1406.91,752.73 1408.09,754.19
             1409.27,755.65 1410.71,756.81 1412.42,757.67
             1414.13,758.54 1416.05,758.97 1418.17,758.97
             1419.30,758.97 1420.44,758.84 1421.61,758.59
             1422.79,758.34 1423.92,757.93 1425.02,757.34
             1426.11,756.75 1427.09,756.00 1427.95,755.08
             1428.83,754.15 1429.52,753.01 1430.02,751.66
             1430.02,751.66 1443.38,759.64 1443.38,759.64
             1442.48,761.83 1441.12,763.79 1439.30,765.53
             1437.47,767.26 1435.40,768.71 1433.08,769.89
             1430.75,771.07 1428.26,771.96 1425.59,772.58
             1422.94,773.19 1420.35,773.50 1417.84,773.50
             1413.41,773.50 1409.37,772.62 1405.70,770.86
             1402.04,769.10 1398.87,766.76 1396.20,763.84
             1393.55,760.93 1391.49,757.62 1390.03,753.94
             1388.57,750.24 1387.84,746.48 1387.84,742.67 Z
           M 1501.88,713.36
           C 1501.88,713.36 1501.88,773.00 1501.88,773.00
             1501.88,773.00 1485.50,773.00 1485.50,773.00
             1485.50,773.00 1485.50,749.64 1485.50,749.64
             1485.50,749.64 1465.50,749.64 1465.50,749.64
             1465.50,749.64 1465.50,773.00 1465.50,773.00
             1465.50,773.00 1449.12,773.00 1449.12,773.00
             1449.12,773.00 1449.12,713.36 1449.12,713.36
             1449.12,713.36 1465.50,713.36 1465.50,713.36
             1465.50,713.36 1465.50,735.38 1465.50,735.38
             1465.50,735.38 1485.50,735.38 1485.50,735.38
             1485.50,735.38 1485.50,713.36 1485.50,713.36
             1485.50,713.36 1501.88,713.36 1501.88,713.36 Z
           M 1527.58,713.36
           C 1527.58,713.36 1542.53,713.36 1542.53,713.36
             1542.53,713.36 1563.20,773.00 1563.20,773.00
             1563.20,773.00 1546.56,773.00 1546.56,773.00
             1546.56,773.00 1542.95,761.33 1542.95,761.33
             1542.95,761.33 1527.08,761.33 1527.08,761.33
             1527.08,761.33 1523.55,773.00 1523.55,773.00
             1523.55,773.00 1506.83,773.00 1506.83,773.00
             1506.83,773.00 1527.58,713.36 1527.58,713.36 Z
           M 1540.34,750.41
           C 1540.34,750.41 1535.06,731.92 1535.06,731.92
             1535.06,731.92 1529.52,750.41 1529.52,750.41
             1529.52,750.41 1540.34,750.41 1540.34,750.41 Z
           M 1518.84,708.73
           C 1518.84,708.73 1518.84,696.98 1518.84,696.98
             1518.84,696.98 1531.95,696.98 1531.95,696.98
             1531.95,696.98 1531.95,708.73 1531.95,708.73
             1531.95,708.73 1518.84,708.73 1518.84,708.73 Z
           M 1538.16,708.73
           C 1538.16,708.73 1538.16,696.98 1538.16,696.98
             1538.16,696.98 1551.27,696.98 1551.27,696.98
             1551.27,696.98 1551.27,708.73 1551.27,708.73
             1551.27,708.73 1538.16,708.73 1538.16,708.73 Z
           M 1568.12,773.00
           C 1568.12,773.00 1568.12,713.36 1568.12,713.36
             1568.12,713.36 1609.03,713.36 1609.03,713.36
             1609.03,713.36 1609.03,727.64 1609.03,727.64
             1609.03,727.64 1584.50,727.64 1584.50,727.64
             1584.50,727.64 1584.50,737.55 1584.50,737.55
             1584.50,737.55 1604.50,737.55 1604.50,737.55
             1604.50,737.55 1604.50,750.83 1604.50,750.83
             1604.50,750.83 1584.50,750.83 1584.50,750.83
             1584.50,750.83 1584.50,773.00 1584.50,773.00
             1584.50,773.00 1568.12,773.00 1568.12,773.00 Z
           M 1661.58,727.64
           C 1661.58,727.64 1644.44,727.64 1644.44,727.64
             1644.44,727.64 1644.44,773.00 1644.44,773.00
             1644.44,773.00 1628.06,773.00 1628.06,773.00
             1628.06,773.00 1628.06,727.64 1628.06,727.64
             1628.06,727.64 1610.84,727.64 1610.84,727.64
             1610.84,727.64 1610.84,713.36 1610.84,713.36
             1610.84,713.36 1661.58,713.36 1661.58,713.36
             1661.58,713.36 1661.58,727.64 1661.58,727.64 Z
           M 2.00,17.00
           C 2.00,17.00 2.00,1080.00 2.00,1080.00
             2.00,1080.00 1920.00,1080.00 1920.00,1080.00
             1920.00,1080.00 1920.00,17.00 1920.00,17.00
             1920.00,17.00 2.00,17.00 2.00,17.00 Z
           M 167.00,713.00
           C 167.00,713.00 167.00,773.00 167.00,773.00
             167.00,773.00 91.00,773.00 91.00,773.00
             91.00,773.00 91.00,713.00 91.00,713.00
             91.00,713.00 167.00,713.00 167.00,713.00 Z
           M 312.00,713.00
           C 312.00,713.00 312.00,773.00 312.00,773.00
             312.00,773.00 172.00,773.00 172.00,773.00
             172.00,773.00 172.00,713.00 172.00,713.00
             172.00,713.00 312.00,713.00 312.00,713.00 Z
           M 457.00,713.00
           C 457.00,713.00 457.00,773.00 457.00,773.00
             457.00,773.00 317.00,773.00 317.00,773.00
             317.00,773.00 317.00,713.00 317.00,713.00
             317.00,713.00 457.00,713.00 457.00,713.00 Z
           M 602.00,713.00
           C 602.00,713.00 602.00,773.00 602.00,773.00
             602.00,773.00 462.00,773.00 462.00,773.00
             462.00,773.00 462.00,713.00 462.00,713.00
             462.00,713.00 602.00,713.00 602.00,713.00 Z
           M 747.00,713.00
           C 747.00,713.00 747.00,773.00 747.00,773.00
             747.00,773.00 607.00,773.00 607.00,773.00
             607.00,773.00 607.00,713.00 607.00,713.00
             607.00,713.00 747.00,713.00 747.00,713.00 Z
           M 892.00,713.00
           C 892.00,713.00 892.00,773.00 892.00,773.00
             892.00,773.00 752.00,773.00 752.00,773.00
             752.00,773.00 752.00,713.00 752.00,713.00
             752.00,713.00 892.00,713.00 892.00,713.00 Z
           M 1037.00,713.00
           C 1037.00,713.00 1037.00,773.00 1037.00,773.00
             1037.00,773.00 897.00,773.00 897.00,773.00
             897.00,773.00 897.00,713.00 897.00,713.00
             897.00,713.00 1037.00,713.00 1037.00,713.00 Z
           M 231.00,776.00
           C 231.00,776.00 231.00,836.00 231.00,836.00
             231.00,836.00 91.00,836.00 91.00,836.00
             91.00,836.00 91.00,776.00 91.00,776.00
             91.00,776.00 231.00,776.00 231.00,776.00 Z
           M 376.00,776.00
           C 376.00,776.00 376.00,836.00 376.00,836.00
             376.00,836.00 236.00,836.00 236.00,836.00
             236.00,836.00 236.00,776.00 236.00,776.00
             236.00,776.00 376.00,776.00 376.00,776.00 Z
           M 521.00,776.00
           C 521.00,776.00 521.00,836.00 521.00,836.00
             521.00,836.00 381.00,836.00 381.00,836.00
             381.00,836.00 381.00,776.00 381.00,776.00
             381.00,776.00 521.00,776.00 521.00,776.00 Z
           M 666.00,776.00
           C 666.00,776.00 666.00,836.00 666.00,836.00
             666.00,836.00 526.00,836.00 526.00,836.00
             526.00,836.00 526.00,776.00 526.00,776.00
             526.00,776.00 666.00,776.00 666.00,776.00 Z
           M 811.00,776.00
           C 811.00,776.00 811.00,836.00 811.00,836.00
             811.00,836.00 671.00,836.00 671.00,836.00
             671.00,836.00 671.00,776.00 671.00,776.00
             671.00,776.00 811.00,776.00 811.00,776.00 Z
           M 956.00,776.00
           C 956.00,776.00 956.00,836.00 956.00,836.00
             956.00,836.00 816.00,836.00 816.00,836.00
             816.00,836.00 816.00,776.00 816.00,776.00
             816.00,776.00 956.00,776.00 956.00,776.00 Z
           M 984.00,776.00
           C 978.33,780.58 972.99,784.84 974.33,793.00
             974.96,796.82 977.10,799.54 976.95,802.00
             976.75,805.28 973.17,808.06 971.71,812.00
             968.13,821.70 973.86,830.23 982.00,835.00
             982.00,835.00 961.00,836.00 961.00,836.00
             961.00,836.00 961.00,776.00 961.00,776.00
             961.00,776.00 984.00,776.00 984.00,776.00 Z
           M 1037.00,776.00
           C 1037.00,776.00 1037.00,836.00 1037.00,836.00
             1035.07,835.84 1033.83,835.89 1032.00,834.98
             1028.49,833.22 1019.91,825.07 1019.92,821.00
             1019.93,818.59 1023.77,811.72 1024.00,801.00
             1024.00,801.00 1010.00,801.00 1010.00,801.00
             1010.00,801.00 1009.00,811.00 1009.00,811.00
             1007.02,809.53 1004.26,807.79 1004.18,805.00
             1004.12,802.90 1006.58,799.93 1007.59,798.00
             1010.67,792.11 1010.85,785.24 1005.78,780.34
             1003.86,778.49 1002.39,777.94 1000.00,777.00
             1000.00,777.00 1013.00,776.00 1013.00,776.00
             1013.00,776.00 1037.00,776.00 1037.00,776.00 Z
           M 994.00,788.00
           C 994.00,788.00 993.00,793.00 993.00,793.00
             988.89,790.57 989.51,788.78 994.00,788.00 Z
           M 997.00,823.00
           C 990.29,824.73 986.37,822.22 988.00,815.00
             992.58,817.17 994.08,818.94 997.00,823.00 Z
           M 1009.00,835.00
           C 1009.00,835.00 1003.00,836.00 1003.00,836.00
             1003.00,836.00 1009.00,835.00 1009.00,835.00 Z
           M 1052.27,823.81
           C 1052.27,823.81 1080.16,790.64 1080.16,790.64
             1080.16,790.64 1053.53,790.64 1053.53,790.64
             1053.53,790.64 1053.53,776.36 1053.53,776.36
             1053.53,776.36 1099.06,776.36 1099.06,776.36
             1099.06,776.36 1099.06,788.55 1099.06,788.55
             1099.06,788.55 1072.84,821.72 1072.84,821.72
             1072.84,821.72 1099.56,821.72 1099.56,821.72
             1099.56,821.72 1099.56,836.00 1099.56,836.00
             1099.56,836.00 1052.27,836.00 1052.27,836.00
             1052.27,836.00 1052.27,823.81 1052.27,823.81 Z
           M 1107.12,836.00
           C 1107.12,836.00 1107.12,776.36 1107.12,776.36
             1107.12,776.36 1123.50,776.36 1123.50,776.36
             1123.50,776.36 1123.50,836.00 1123.50,836.00
             1123.50,836.00 1107.12,836.00 1107.12,836.00 Z
           M 1179.23,836.00
           C 1179.23,836.00 1179.23,804.58 1179.23,804.58
             1179.23,804.58 1169.23,826.67 1169.23,826.67
             1169.23,826.67 1160.50,826.67 1160.50,826.67
             1160.50,826.67 1150.50,804.58 1150.50,804.58
             1150.50,804.58 1150.50,836.00 1150.50,836.00
             1150.50,836.00 1134.12,836.00 1134.12,836.00
             1134.12,836.00 1134.12,776.36 1134.12,776.36
             1134.12,776.36 1152.02,776.36 1152.02,776.36
             1152.02,776.36 1164.88,804.42 1164.88,804.42
             1164.88,804.42 1177.80,776.36 1177.80,776.36
             1177.80,776.36 1195.61,776.36 1195.61,776.36
             1195.61,776.36 1195.61,836.00 1195.61,836.00
             1195.61,836.00 1179.23,836.00 1179.23,836.00 Z
           M 1251.23,836.00
           C 1251.23,836.00 1251.23,804.58 1251.23,804.58
             1251.23,804.58 1241.23,826.67 1241.23,826.67
             1241.23,826.67 1232.50,826.67 1232.50,826.67
             1232.50,826.67 1222.50,804.58 1222.50,804.58
             1222.50,804.58 1222.50,836.00 1222.50,836.00
             1222.50,836.00 1206.12,836.00 1206.12,836.00
             1206.12,836.00 1206.12,776.36 1206.12,776.36
             1206.12,776.36 1224.02,776.36 1224.02,776.36
             1224.02,776.36 1236.88,804.42 1236.88,804.42
             1236.88,804.42 1249.80,776.36 1249.80,776.36
             1249.80,776.36 1267.61,776.36 1267.61,776.36
             1267.61,776.36 1267.61,836.00 1267.61,836.00
             1267.61,836.00 1251.23,836.00 1251.23,836.00 Z
           M 1320.62,821.72
           C 1320.62,821.72 1320.62,836.00 1320.62,836.00
             1320.62,836.00 1278.12,836.00 1278.12,836.00
             1278.12,836.00 1278.12,776.36 1278.12,776.36
             1278.12,776.36 1319.88,776.36 1319.88,776.36
             1319.88,776.36 1319.88,790.64 1319.88,790.64
             1319.88,790.64 1294.50,790.64 1294.50,790.64
             1294.50,790.64 1294.50,799.05 1294.50,799.05
             1294.50,799.05 1316.17,799.05 1316.17,799.05
             1316.17,799.05 1316.17,812.31 1316.17,812.31
             1316.17,812.31 1294.50,812.31 1294.50,812.31
             1294.50,812.31 1294.50,821.72 1294.50,821.72
             1294.50,821.72 1320.62,821.72 1320.62,821.72 Z
           M 1328.12,836.00
           C 1328.12,836.00 1328.12,776.36 1328.12,776.36
             1328.12,776.36 1355.52,776.36 1355.52,776.36
             1358.42,776.36 1361.10,776.96 1363.56,778.17
             1366.03,779.37 1368.14,780.94 1369.91,782.88
             1371.68,784.80 1373.06,787.02 1374.06,789.52
             1375.07,792.01 1375.58,794.51 1375.58,797.03
             1375.58,800.50 1374.82,803.73 1373.31,806.73
             1371.80,809.73 1369.70,812.17 1367.02,814.08
             1367.02,814.08 1379.61,836.00 1379.61,836.00
             1379.61,836.00 1361.14,836.00 1361.14,836.00
             1361.14,836.00 1350.64,817.69 1350.64,817.69
             1350.64,817.69 1344.50,817.69 1344.50,817.69
             1344.50,817.69 1344.50,836.00 1344.50,836.00
             1344.50,836.00 1328.12,836.00 1328.12,836.00 Z
           M 1344.50,803.41
           C 1344.50,803.41 1354.84,803.41 1354.84,803.41
             1355.84,803.41 1356.77,802.85 1357.64,801.73
             1358.52,800.61 1358.95,799.04 1358.95,797.03
             1358.95,794.96 1358.45,793.38 1357.44,792.28
             1356.43,791.19 1355.42,790.64 1354.42,790.64
             1354.42,790.64 1344.50,790.64 1344.50,790.64
             1344.50,790.64 1344.50,803.41 1344.50,803.41 Z
           M 1427.62,821.72
           C 1427.62,821.72 1427.62,836.00 1427.62,836.00
             1427.62,836.00 1385.12,836.00 1385.12,836.00
             1385.12,836.00 1385.12,776.36 1385.12,776.36
             1385.12,776.36 1426.88,776.36 1426.88,776.36
             1426.88,776.36 1426.88,790.64 1426.88,790.64
             1426.88,790.64 1401.50,790.64 1401.50,790.64
             1401.50,790.64 1401.50,799.05 1401.50,799.05
             1401.50,799.05 1423.17,799.05 1423.17,799.05
             1423.17,799.05 1423.17,812.31 1423.17,812.31
             1423.17,812.31 1401.50,812.31 1401.50,812.31
             1401.50,812.31 1401.50,821.72 1401.50,821.72
             1401.50,821.72 1427.62,821.72 1427.62,821.72 Z
           M 1435.12,836.00
           C 1435.12,836.00 1435.12,776.36 1435.12,776.36
             1435.12,776.36 1451.50,776.36 1451.50,776.36
             1451.50,776.36 1451.50,836.00 1451.50,836.00
             1451.50,836.00 1435.12,836.00 1435.12,836.00 Z
           M 45.00,531.00
           C 48.95,531.00 57.60,531.33 61.00,530.37
             64.64,529.33 71.45,525.17 75.00,523.15
             85.49,517.16 85.95,517.75 86.00,510.00
             86.00,510.00 86.00,492.84 86.00,492.84
             86.00,492.84 121.00,492.84 121.00,492.84
             121.00,492.84 128.00,492.83 128.00,492.83
             128.00,492.83 153.00,478.30 153.00,478.30
             153.00,478.30 227.00,436.42 227.00,436.42
             227.00,436.42 280.00,407.14 280.00,407.14
             280.00,407.14 339.00,373.42 339.00,373.42
             339.00,373.42 449.00,311.42 449.00,311.42
             449.00,311.42 528.00,266.72 528.00,266.72
             528.00,266.72 543.00,258.23 543.00,258.23
             543.00,258.23 550.98,252.62 550.98,252.62
             550.98,252.62 552.00,245.00 552.00,245.00
             552.00,245.00 552.00,237.00 552.00,237.00
             552.00,237.00 594.00,237.00 594.00,237.00
             594.00,237.00 594.00,250.00 594.00,250.00
             594.00,250.00 619.00,256.46 619.00,256.46
             619.00,256.46 631.00,261.00 631.00,261.00
             633.41,259.64 635.39,260.94 638.00,261.62
             638.00,261.62 652.00,265.37 652.00,265.37
             652.00,265.37 712.00,281.64 712.00,281.64
             712.00,281.64 781.17,300.26 781.17,300.26
             781.17,300.26 896.00,331.62 896.00,331.62
             896.00,331.62 950.00,346.57 950.00,346.57
             955.92,348.26 971.93,351.74 976.00,355.00
             982.78,354.31 996.08,358.85 1003.00,360.98
             1003.00,360.98 1042.00,371.00 1042.00,371.00
             1045.88,368.14 1050.32,369.00 1055.00,369.00
             1055.00,369.00 1084.00,369.00 1084.00,369.00
             1084.00,369.00 1084.00,383.00 1084.00,383.00
             1084.00,383.00 1113.91,391.16 1113.91,391.16
             1113.91,391.16 1204.96,415.91 1204.96,415.91
             1204.96,415.91 1270.00,433.15 1270.00,433.15
             1270.00,433.15 1355.96,456.91 1355.96,456.91
             1355.96,456.91 1365.01,458.89 1365.01,458.89
             1365.01,458.89 1421.00,474.15 1421.00,474.15
             1421.00,474.15 1506.00,496.88 1506.00,496.88
             1518.47,500.16 1537.80,506.97 1550.00,508.00
             1550.00,508.00 1550.00,502.00 1550.00,502.00
             1550.00,502.00 1592.00,502.00 1592.00,502.00
             1592.00,502.00 1592.00,512.00 1592.00,512.00
             1592.00,514.17 1591.78,517.72 1593.01,519.55
             1594.81,522.23 1606.56,524.47 1610.00,525.42
             1618.71,527.84 1637.96,533.90 1646.00,534.00
             1646.00,534.00 1661.00,534.00 1661.00,534.00
             1661.00,534.00 1661.00,499.00 1661.00,499.00
             1661.00,499.00 1659.44,491.03 1659.44,491.03
             1659.44,491.03 1638.00,483.00 1638.00,483.00
             1635.08,484.77 1622.66,480.47 1619.00,479.34
             1619.00,479.34 1570.00,466.13 1570.00,466.13
             1570.00,466.13 1493.09,444.96 1493.09,444.96
             1493.09,444.96 1407.00,421.42 1407.00,421.42
             1407.00,421.42 1364.00,409.86 1364.00,409.86
             1358.58,408.33 1348.08,406.27 1344.00,403.00
             1335.82,403.84 1318.66,397.49 1310.00,395.15
             1310.00,395.15 1237.00,375.63 1237.00,375.63
             1237.00,375.63 1213.00,368.85 1213.00,368.85
             1208.95,367.74 1203.93,367.11 1201.00,364.00
             1194.43,364.91 1187.41,362.11 1181.00,360.29
             1181.00,360.29 1148.00,351.37 1148.00,351.37
             1148.00,351.37 1109.00,340.44 1109.00,340.44
             1109.00,340.44 1015.00,315.00 1015.00,315.00
             1015.00,315.00 974.00,304.00 974.00,304.00
             969.36,302.67 960.35,301.07 957.00,298.00
             949.52,298.78 931.15,292.56 923.04,290.23
             923.04,290.23 863.09,273.96 863.09,273.96
             863.09,273.96 745.00,241.91 745.00,241.91
             745.00,241.91 657.00,218.26 657.00,218.26
             657.00,218.26 593.00,201.63 593.00,201.63
             593.00,201.63 563.00,194.52 563.00,194.52
             559.83,194.60 556.74,196.74 554.00,198.23
             554.00,198.23 537.00,207.77 537.00,207.77
             537.00,207.77 470.00,246.15 470.00,246.15
             470.00,246.15 235.00,379.15 235.00,379.15
             235.00,379.15 139.00,433.42 139.00,433.42
             139.00,433.42 90.00,461.23 90.00,461.23
             90.00,461.23 61.00,477.70 61.00,477.70
             57.23,479.77 47.17,484.43 45.60,488.18
             44.88,489.90 45.00,493.09 45.00,495.00
             45.00,495.00 45.00,531.00 45.00,531.00 Z
           M 554.00,239.00
           C 554.00,239.00 554.00,299.00 554.00,299.00
             554.00,299.00 592.00,299.00 592.00,299.00
             592.00,299.00 592.00,239.00 592.00,239.00
             592.00,239.00 554.00,239.00 554.00,239.00 Z
           M 1044.00,371.00
           C 1044.00,371.00 1044.00,431.00 1044.00,431.00
             1044.00,431.00 1082.00,431.00 1082.00,431.00
             1082.00,431.00 1082.00,371.00 1082.00,371.00
             1082.00,371.00 1044.00,371.00 1044.00,371.00 Z
           M 88.00,495.00
           C 88.00,495.00 88.00,555.00 88.00,555.00
             88.00,555.00 126.00,555.00 126.00,555.00
             126.00,555.00 126.00,495.00 126.00,495.00
             126.00,495.00 88.00,495.00 88.00,495.00 Z
           M 1552.00,504.00
           C 1552.00,504.00 1552.00,564.00 1552.00,564.00
             1552.00,564.00 1590.00,564.00 1590.00,564.00
             1590.00,564.00 1590.00,504.00 1590.00,504.00
             1590.00,504.00 1552.00,504.00 1552.00,504.00 Z
           M 358.34,677.58
           C 339.08,693.80 316.91,701.91 291.84,701.91
             274.36,701.91 257.64,698.80 241.67,692.59
             225.71,686.39 211.78,677.33 199.88,665.42
             187.97,653.52 178.47,638.95 171.38,621.72
             164.28,604.49 160.73,584.86 160.73,562.81
             160.73,543.81 164.28,526.15 171.38,509.81
             178.47,493.47 188.22,479.28 200.64,467.25
             213.05,455.22 227.69,445.72 244.53,438.75
             261.38,431.78 279.55,428.30 299.06,428.30
             311.22,428.30 322.87,429.63 334.02,432.30
             345.16,434.95 355.48,438.88 364.98,444.08
             374.48,449.27 383.04,455.47 390.64,462.69
             398.24,469.91 404.45,478.08 409.27,487.20
             409.27,487.20 354.16,529.38 354.16,529.38
             348.84,518.74 340.86,510.20 330.22,503.73
             319.58,497.28 308.31,494.05 296.41,494.05
             287.53,494.05 279.42,495.82 272.08,499.38
             264.73,502.92 258.40,507.86 253.08,514.19
             247.75,520.52 243.57,528.06 240.53,536.80
             237.50,545.54 235.98,555.10 235.98,565.48
             235.98,576.12 237.50,585.75 240.53,594.36
             243.57,602.98 247.82,610.39 253.27,616.59
             258.71,622.80 265.23,627.62 272.83,631.03
             280.43,634.45 288.92,636.16 298.30,636.16
             319.83,636.16 338.83,627.29 355.30,609.56
             355.30,609.56 308.56,609.56 308.56,609.56
             308.56,609.56 308.56,556.36 308.56,556.36
             308.56,556.36 419.52,556.36 419.52,556.36
             419.52,556.36 419.52,700.00 419.52,700.00
             419.52,700.00 358.34,700.00 358.34,700.00
             358.34,700.00 358.34,677.58 358.34,677.58 Z
           M 450.69,700.00
           C 450.69,700.00 450.69,494.09 450.69,494.09
             450.69,494.09 545.23,494.09 545.23,494.09
             555.29,494.09 564.56,496.17 573.06,500.33
             581.57,504.48 588.87,509.90 594.95,516.58
             601.05,523.25 605.83,530.88 609.31,539.48
             612.80,548.09 614.55,556.74 614.55,565.44
             614.55,577.43 611.93,588.59 606.70,598.94
             601.48,609.28 594.23,617.74 584.95,624.31
             584.95,624.31 628.45,700.00 628.45,700.00
             628.45,700.00 564.66,700.00 564.66,700.00
             564.66,700.00 528.41,636.78 528.41,636.78
             528.41,636.78 507.23,636.78 507.23,636.78
             507.23,636.78 507.23,700.00 507.23,700.00
             507.23,700.00 450.69,700.00 450.69,700.00 Z
           M 507.23,587.48
           C 507.23,587.48 542.91,587.48 542.91,587.48
             546.38,587.48 549.62,585.55 552.62,581.69
             555.62,577.81 557.12,572.40 557.12,565.44
             557.12,558.28 555.38,552.82 551.91,549.06
             548.43,545.29 544.94,543.41 541.45,543.41
             541.45,543.41 507.23,543.41 507.23,543.41
             507.23,543.41 507.23,587.48 507.23,587.48 Z
           M 793.44,650.70
           C 793.44,650.70 793.44,700.00 793.44,700.00
             793.44,700.00 646.69,700.00 646.69,700.00
             646.69,700.00 646.69,494.09 646.69,494.09
             646.69,494.09 790.81,494.09 790.81,494.09
             790.81,494.09 790.81,543.41 790.81,543.41
             790.81,543.41 703.23,543.41 703.23,543.41
             703.23,543.41 703.23,572.41 703.23,572.41
             703.23,572.41 778.06,572.41 778.06,572.41
             778.06,572.41 778.06,618.22 778.06,618.22
             778.06,618.22 703.23,618.22 703.23,618.22
             703.23,618.22 703.23,650.70 703.23,650.70
             703.23,650.70 793.44,650.70 793.44,650.70 Z
           M 819.69,700.00
           C 819.69,700.00 819.69,494.09 819.69,494.09
             819.69,494.09 876.23,494.09 876.23,494.09
             876.23,494.09 876.23,700.00 876.23,700.00
             876.23,700.00 819.69,700.00 819.69,700.00 Z
           M 911.69,700.00
           C 911.69,700.00 911.69,494.09 911.69,494.09
             911.69,494.09 968.23,494.09 968.23,494.09
             968.23,494.09 968.23,650.70 968.23,650.70
             968.23,650.70 1061.62,650.70 1061.62,650.70
             1061.62,650.70 1061.62,700.00 1061.62,700.00
             1061.62,700.00 911.69,700.00 911.69,700.00 Z
           M 1183.05,494.09
           C 1183.05,494.09 1234.67,494.09 1234.67,494.09
             1234.67,494.09 1306.02,700.00 1306.02,700.00
             1306.02,700.00 1248.59,700.00 1248.59,700.00
             1248.59,700.00 1236.12,659.69 1236.12,659.69
             1236.12,659.69 1181.31,659.69 1181.31,659.69
             1181.31,659.69 1169.12,700.00 1169.12,700.00
             1169.12,700.00 1111.42,700.00 1111.42,700.00
             1111.42,700.00 1183.05,494.09 1183.05,494.09 Z
           M 1227.12,621.98
           C 1227.12,621.98 1208.86,558.19 1208.86,558.19
             1208.86,558.19 1189.72,621.98 1189.72,621.98
             1189.72,621.98 1227.12,621.98 1227.12,621.98 Z
           M 1454.47,682.89
           C 1439.78,695.27 1422.86,701.45 1403.72,701.45
             1390.38,701.45 1377.61,699.09 1365.44,694.34
             1353.26,689.61 1342.62,682.70 1333.53,673.61
             1324.45,664.53 1317.20,653.41 1311.78,640.27
             1306.38,627.12 1303.67,612.14 1303.67,595.31
             1303.67,580.81 1306.38,567.33 1311.78,554.86
             1317.20,542.39 1324.64,531.56 1334.11,522.38
             1343.59,513.19 1354.75,505.94 1367.61,500.62
             1380.47,495.31 1394.35,492.66 1409.23,492.66
             1418.52,492.66 1427.41,493.67 1435.91,495.70
             1444.41,497.73 1452.30,500.72 1459.55,504.69
             1466.80,508.65 1473.32,513.38 1479.11,518.89
             1484.91,524.40 1489.65,530.64 1493.33,537.59
             1493.33,537.59 1451.28,569.80 1451.28,569.80
             1447.22,561.67 1441.12,555.15 1433.00,550.22
             1424.88,545.28 1416.29,542.81 1407.20,542.81
             1400.43,542.81 1394.24,544.17 1388.64,546.88
             1383.04,549.59 1378.20,553.36 1374.14,558.19
             1370.08,563.02 1366.88,568.78 1364.56,575.45
             1362.25,582.12 1361.09,589.42 1361.09,597.34
             1361.09,605.46 1362.25,612.80 1364.56,619.38
             1366.88,625.95 1370.12,631.61 1374.28,636.34
             1378.44,641.09 1383.41,644.76 1389.22,647.38
             1395.02,649.98 1401.50,651.28 1408.66,651.28
             1425.08,651.28 1439.58,644.52 1452.16,630.98
             1452.16,630.98 1416.48,630.98 1416.48,630.98
             1416.48,630.98 1416.48,590.38 1416.48,590.38
             1416.48,590.38 1501.16,590.38 1501.16,590.38
             1501.16,590.38 1501.16,700.00 1501.16,700.00
             1501.16,700.00 1454.47,700.00 1454.47,700.00
             1454.47,700.00 1454.47,682.89 1454.47,682.89 Z
           M 754.00,413.00" />
</svg>
